
image0_tv_resnet101_[0.00112617 0.01294023 0.02843563 0.02071313 0.41813698 0.100516
 0.37512442 0.00582571 0.00668799 0.03049371]
image1_tv_resnet101_[9.0497843e-04 1.1941451e-03 1.2684162e-03 5.0015468e-04 2.5331818e-03
 9.8503125e-01 3.2616044e-05 4.5820698e-04 7.8888293e-03 1.8831383e-04]
image2_tv_resnet101_[3.7676501e-04 1.8506172e-03 1.7417533e-03 1.7097058e-03 1.2697013e-03
 1.1602496e-02 2.0394139e-03 2.4249782e-03 5.0148224e-03 9.7196972e-01]
image3_tv_resnet101_[0.3694283  0.02693218 0.00129958 0.00208194 0.02390694 0.08447757
 0.05065273 0.00917785 0.01147828 0.42056465]
image4_tv_resnet101_[1.2263117e-04 1.5148756e-05 1.5524882e-05 4.0925710e-07 1.4811071e-06
 5.8585015e-04 3.3124027e-06 1.5995414e-06 9.9924421e-01 9.9524432e-06]
image5_tv_resnet101_[1.18471035e-04 9.32436204e-04 1.80307857e-03 1.44453691e-02
 1.32561013e-01 2.07834132e-02 7.84965932e-01 3.19037214e-02
 1.80118717e-03 1.06853535e-02]
image6_tv_resnet101_[0.00161301 0.01375939 0.02167478 0.00705776 0.00463035 0.01905432
 0.8092099  0.00285418 0.02537107 0.09477522]
image7_tv_resnet101_[2.30269553e-03 5.04905462e-01 8.64083041e-03 2.67681462e-04
 3.84695566e-04 1.99139547e-02 1.14868766e-04 9.59776298e-05
 1.89992692e-03 4.61473852e-01]
image8_tv_resnet101_[5.5519315e-05 2.0178089e-05 4.4190125e-07 1.5714114e-03 5.5345101e-04
 6.4459637e-05 4.0552648e-05 1.0674758e-04 1.1761944e-03 9.9641103e-01]
image9_tv_resnet101_[2.6207166e-02 2.4556445e-03 4.2348076e-03 5.9554877e-04 1.5384854e-04
 9.6432555e-01 2.1423936e-04 5.1938591e-04 1.1949387e-03 9.8813558e-05]
image10_tv_resnet101_[0.00098943 0.00495724 0.40939376 0.02045822 0.00602511 0.4738268
 0.00139634 0.0007177  0.03532788 0.04690757]
image11_tv_resnet101_[1.2160761e-07 5.4186767e-06 1.4896027e-07 6.4076633e-09 7.9996170e-09
 9.9998963e-01 8.4290425e-10 4.5406615e-10 4.7864642e-06 4.7410538e-09]
image12_tv_resnet101_[9.9201983e-01 9.1681356e-04 6.1100040e-04 1.2458031e-04 7.8898294e-05
 2.2691753e-04 7.7359326e-04 1.3258914e-03 2.4659539e-04 3.6760012e-03]
image13_tv_resnet101_[1.6447171e-04 9.8893750e-01 9.9671178e-04 4.3074705e-04 1.9810337e-04
 2.5078871e-03 1.5170134e-04 1.0471072e-04 5.7149455e-03 7.9317077e-04]
image14_tv_resnet101_[7.1271881e-04 1.7650595e-03 1.6127226e-04 1.5122477e-03 1.0867529e-04
 1.6705949e-03 2.2228718e-04 1.3558383e-03 6.4638320e-05 9.9242675e-01]
image15_tv_resnet101_[0.0419872  0.02111482 0.0018583  0.19840379 0.0008158  0.01045691
 0.00399608 0.61176395 0.07143924 0.03816386]
image16_tv_resnet101_[1.6351049e-05 1.3526195e-03 9.9579239e-01 1.9799199e-04 3.7278092e-05
 2.1089623e-03 8.1370825e-05 2.8276390e-05 2.5815688e-04 1.2664203e-04]
image17_tv_resnet101_[1.7404462e-01 5.5722398e-01 6.3423619e-02 1.1904702e-02 2.2806136e-03
 6.6217721e-02 4.2659189e-03 4.5313739e-04 1.0135433e-01 1.8831445e-02]
image18_tv_resnet101_[2.7151136e-03 1.9895895e-03 1.8377290e-03 9.6761167e-01 1.0254292e-04
 2.3196658e-04 2.3703538e-02 4.4642534e-04 8.2881376e-04 5.3264922e-04]
image19_tv_resnet101_[0.07975243 0.05883937 0.00520753 0.03058567 0.5897084  0.02286201
 0.06638902 0.07569952 0.02675729 0.04419876]
image20_tv_resnet101_[1.9161343e-03 1.7736925e-04 1.4818017e-04 4.4163186e-04 7.1972172e-06
 2.6043985e-04 9.9677974e-01 7.5585289e-05 9.7605815e-05 9.6064898e-05]
image21_tv_resnet101_[1.9033711e-01 1.1319985e-02 1.3918003e-04 1.4550825e-05 2.7694094e-03
 3.1081813e-03 1.1042939e-04 3.8839801e-04 7.7831846e-01 1.3494333e-02]
image22_tv_resnet101_[0.00588808 0.00942641 0.00073197 0.00548646 0.15013675 0.6611794
 0.00368019 0.0019021  0.05379191 0.10777671]
image23_tv_resnet101_[2.6173189e-05 2.0368127e-04 6.1294122e-05 3.8988998e-03 2.5508802e-05
 1.3002550e-04 9.2370874e-01 1.7193411e-04 7.8094527e-05 7.1695633e-02]
image24_tv_resnet101_[1.1357555e-05 2.0345275e-03 6.4215645e-05 1.8429409e-06 1.3901561e-05
 9.9779606e-01 3.3934342e-07 7.9035033e-07 7.1765673e-05 5.2356154e-06]
image25_tv_resnet101_[3.4802701e-04 1.6892825e-03 4.8848704e-02 8.6175753e-03 4.2247152e-04
 7.9551283e-03 1.5639835e-03 9.1648108e-01 1.2582040e-02 1.4917530e-03]
image26_tv_resnet101_[1.8824032e-06 9.3203271e-06 4.3822902e-06 3.6485861e-05 2.9265214e-04
 2.7050219e-05 5.5251689e-07 4.0186860e-06 3.9206188e-05 9.9958450e-01]
image27_tv_resnet101_[0.02043342 0.03084458 0.01266394 0.05540703 0.44112232 0.03199677
 0.23641194 0.00806011 0.01935073 0.14370917]
image28_tv_resnet101_[7.44709373e-01 1.41498774e-01 4.58812778e-04 1.37659665e-02
 7.08278129e-03 3.43044251e-02 8.24705989e-04 7.64348265e-03
 1.01903677e-02 3.95213924e-02]
image29_tv_resnet101_[1.5997492e-02 5.3923988e-01 6.7767352e-03 1.2872416e-01 7.6405640e-04
 2.0090066e-01 1.5286120e-04 1.9601851e-03 9.0343505e-02 1.5140451e-02]
image30_tv_resnet101_[0.22599767 0.5425812  0.04627354 0.02086863 0.0042059  0.09928758
 0.00158754 0.00098159 0.04932617 0.00889008]
image31_tv_resnet101_[3.9798586e-05 1.3424507e-04 9.9807394e-01 4.1965788e-05 1.2996906e-04
 3.7577518e-04 1.7233347e-04 6.7670597e-04 3.3511902e-04 2.0264437e-05]
image0_vit_base_patch16_224_[2.6642639e-11 2.1773394e-11 4.2687680e-11 1.2616060e-13 9.9784005e-01
 2.1585689e-03 4.2305974e-08 1.0655223e-09 5.6948539e-09 1.3217024e-06]
image1_vit_base_patch16_224_[1.4400058e-14 1.9342733e-13 2.3692840e-13 1.4171414e-08 1.7038505e-10
 9.9999976e-01 7.6893861e-14 1.4901909e-12 2.6343426e-07 1.9228432e-14]
image2_vit_base_patch16_224_[7.6282092e-11 2.2666402e-11 6.4838412e-10 3.1869449e-09 2.2330408e-11
 9.9999833e-01 1.4249815e-11 2.9100213e-09 1.6241621e-06 3.1673792e-08]
image3_vit_base_patch16_224_[2.9615669e-05 2.2852682e-08 2.6196503e-10 8.4748827e-02 2.1230373e-09
 6.3218501e-08 3.2753408e-10 9.1522098e-01 3.0473788e-07 2.2596383e-07]
image4_vit_base_patch16_224_[2.5697175e-19 8.9156484e-17 2.4888334e-18 3.3913891e-14 8.9099857e-21
 1.4270322e-18 1.3970400e-20 1.8186934e-14 1.0000000e+00 7.2603183e-19]
image5_vit_base_patch16_224_[9.0030107e-15 4.7521140e-15 6.3507029e-12 3.3297854e-14 9.9999976e-01
 2.1971161e-07 2.3967118e-11 1.0392282e-12 6.7749409e-15 9.3812280e-14]
image6_vit_base_patch16_224_[1.5536043e-13 3.8186630e-16 1.0602217e-10 1.2560587e-13 2.1747416e-13
 8.3381229e-15 1.0000000e+00 7.6069649e-15 3.0208549e-14 2.1619166e-13]
image7_vit_base_patch16_224_[7.67479723e-05 5.84819680e-03 5.24249494e-01 1.53672565e-02
 3.19854147e-03 3.38042006e-02 1.03115703e-07 1.47931511e-04
 4.16696548e-01 6.10936026e-04]
image8_vit_base_patch16_224_[6.5820044e-13 9.8309595e-17 2.1110837e-12 1.4518443e-12 3.6438793e-11
 1.4905206e-12 5.0776414e-12 8.1989515e-10 1.3420319e-07 9.9999988e-01]
image9_vit_base_patch16_224_[5.7671779e-01 7.4491243e-07 3.8026537e-10 7.9083904e-05 3.6986552e-08
 4.5063939e-06 6.2174502e-07 1.9915462e-03 1.3226797e-09 4.2120561e-01]
image10_vit_base_patch16_224_[6.1965233e-12 1.9108090e-11 9.9996078e-01 3.9235765e-05 2.5342454e-12
 5.1426498e-11 2.0244371e-13 5.6814747e-10 5.0496046e-10 2.9963442e-13]
image11_vit_base_patch16_224_[3.7421171e-17 5.4354342e-12 1.1880090e-16 6.0576758e-16 5.3816437e-17
 1.0000000e+00 1.3553626e-16 6.5333652e-16 3.4289974e-14 4.4554843e-17]
image12_vit_base_patch16_224_[2.9161283e-12 1.0000000e+00 4.0040671e-10 9.6567524e-13 4.0971488e-12
 2.3024502e-13 1.1244546e-15 3.8037776e-15 1.5460503e-11 2.8136622e-11]
image13_vit_base_patch16_224_[1.1028173e-17 9.9999928e-01 1.1649724e-12 3.5624665e-16 3.8046581e-16
 6.0382721e-15 1.8174887e-18 1.6631168e-14 7.5193987e-07 4.2623320e-16]
image14_vit_base_patch16_224_[1.7980857e-01 8.7228924e-05 1.3599675e-09 7.0521700e-08 7.2072865e-08
 1.0156700e-04 2.4535359e-08 2.6687774e-06 1.4767040e-09 8.1999981e-01]
image15_vit_base_patch16_224_[1.62863202e-12 5.78107864e-15 1.56296122e-11 5.21598320e-10
 3.77648691e-14 3.00684234e-11 1.33848206e-14 2.74944911e-09
 9.99985933e-01 1.41084420e-05]
image16_vit_base_patch16_224_[3.1722115e-11 7.3174870e-06 9.9999273e-01 2.5625464e-09 5.0809700e-11
 4.4414089e-10 7.1014600e-12 9.9610372e-12 1.6678888e-08 1.7958421e-12]
image17_vit_base_patch16_224_[9.9999237e-01 2.0121458e-11 5.7426103e-14 5.4368305e-13 5.6945964e-14
 1.9475213e-11 7.7789337e-13 2.6289810e-12 2.6302184e-13 7.6341721e-06]
image18_vit_base_patch16_224_[2.4161312e-11 7.0314900e-12 7.9664812e-07 2.0374429e-05 2.8128472e-10
 5.9861525e-12 1.6771886e-02 9.8320687e-01 6.2999644e-10 9.4352641e-09]
image19_vit_base_patch16_224_[4.7371911e-12 8.4727448e-18 1.4377145e-18 5.1530991e-16 1.0000000e+00
 8.7040073e-16 3.2289744e-12 5.1355656e-12 3.4513887e-16 4.6449296e-11]
image20_vit_base_patch16_224_[6.3873507e-08 1.7017217e-07 9.3528749e-09 4.8360528e-07 2.6600549e-08
 9.1637845e-14 9.9999928e-01 8.3105189e-12 2.0332850e-12 2.5707667e-10]
image21_vit_base_patch16_224_[7.65090811e-15 1.07837657e-07 8.11772752e-17 3.85462417e-15
 1.22038696e-17 7.05695124e-16 6.06034393e-20 1.47008254e-15
 9.99999881e-01 1.86661887e-14]
image22_vit_base_patch16_224_[3.8087974e-11 3.6502906e-10 2.8177001e-09 2.9547036e-06 1.3699470e-06
 2.6839031e-09 4.1979224e-08 3.1236747e-02 6.7360415e-09 9.6875888e-01]
image23_vit_base_patch16_224_[3.3315281e-11 1.6437200e-12 1.0731963e-11 1.6992286e-01 1.9270896e-14
 1.7487000e-08 3.6900700e-12 8.3007717e-01 6.6605210e-10 4.5572084e-09]
image24_vit_base_patch16_224_[1.4453423e-17 5.9231570e-15 8.8758814e-16 1.7641070e-14 1.2412953e-16
 1.0000000e+00 1.6212030e-17 7.5030005e-18 4.4303880e-15 8.5390996e-18]
image25_vit_base_patch16_224_[1.4965392e-14 5.3429593e-15 1.3042032e-05 1.1852361e-10 2.2468727e-13
 1.3665512e-12 3.9687979e-13 9.9998701e-01 4.6505230e-12 6.5836239e-14]
image26_vit_base_patch16_224_[2.7617824e-16 9.3327207e-18 7.3167666e-17 3.2315845e-17 4.6943291e-17
 4.4832048e-14 5.3872305e-17 1.3963123e-13 2.0981810e-13 1.0000000e+00]
image27_vit_base_patch16_224_[5.9489371e-12 4.0477289e-14 1.3098855e-15 7.0484937e-12 9.2283326e-01
 1.8794263e-11 4.6639990e-08 1.0976019e-09 2.3195704e-10 7.7166773e-02]
image28_vit_base_patch16_224_[9.9999893e-01 7.8889508e-07 4.3378156e-13 8.4586503e-08 8.5320091e-14
 5.0847703e-08 5.3985354e-11 6.0386185e-10 1.6497515e-11 1.8380700e-07]
image29_vit_base_patch16_224_[1.17871719e-11 1.35971637e-10 2.63395635e-14 9.99999762e-01
 1.07721571e-13 4.61652383e-11 1.11235396e-13 3.41748096e-09
 5.17738630e-11 2.21833673e-07]
image30_vit_base_patch16_224_[9.9999917e-01 5.8053573e-10 9.4123234e-13 8.7428157e-07 1.4654856e-14
 1.1331881e-12 5.7238215e-13 5.3556617e-13 7.1871762e-12 2.3531102e-09]
image31_vit_base_patch16_224_[3.4002621e-13 6.6493477e-12 3.3423603e-03 8.5512188e-11 1.9053355e-12
 1.7593289e-09 8.0899951e-13 9.9665761e-01 2.0887847e-09 5.1693936e-14]