
image0_tv_resnet101_[1.08095925e-07 2.94500501e-06 9.99973536e-01 2.11102133e-07
 9.26050006e-07 3.26922259e-06 1.32011587e-06 2.45523142e-06
 6.69629298e-06 8.51993173e-06]
image1_tv_resnet101_[2.6128918e-03 8.2463014e-04 8.0147933e-04 9.9223149e-01 2.6429037e-04
 1.9155534e-03 2.0598272e-04 1.8521347e-04 5.1488442e-04 4.4353880e-04]
image2_tv_resnet101_[4.7926809e-09 1.2811094e-07 3.4675132e-09 7.2035466e-10 1.5364481e-08
 8.0448217e-09 3.2114936e-08 1.1022257e-08 2.8243280e-08 9.9999976e-01]
image3_tv_resnet101_[1.9061901e-05 2.9808689e-05 2.2177914e-05 9.5965734e-05 1.0616241e-04
 1.2021560e-05 4.3362412e-05 9.9966526e-01 3.8877838e-06 2.3370380e-06]
image4_tv_resnet101_[2.7873298e-10 3.8031689e-11 3.0283738e-09 1.0000000e+00 2.2425282e-11
 3.9624790e-10 2.2153371e-11 7.0585124e-09 1.3048203e-08 7.9190734e-09]
image5_tv_resnet101_[2.8690370e-10 5.4603350e-10 3.3480521e-09 1.6043561e-08 4.1829681e-10
 6.6097350e-08 4.7286147e-08 9.9999976e-01 3.7206540e-08 1.4279314e-09]
image6_tv_resnet101_[2.0745278e-13 6.5037461e-13 3.7909563e-12 1.8661674e-10 8.0447720e-14
 5.4340291e-14 1.0000000e+00 2.7906093e-12 2.4403836e-14 2.9374796e-13]
image7_tv_resnet101_[4.3633496e-11 1.8443976e-10 3.5302286e-10 1.9102400e-10 1.0837093e-10
 4.4611806e-10 1.7521425e-10 3.1109889e-12 1.0284261e-09 1.0000000e+00]
image8_tv_resnet101_[3.8391241e-04 5.4534048e-05 8.6923501e-06 2.0909581e-06 6.9361959e-06
 9.9923778e-01 2.6860383e-07 1.5471713e-06 3.0071547e-04 3.4643244e-06]
image9_tv_resnet101_[1.2041824e-04 8.4935734e-04 4.2796046e-06 2.1477849e-06 3.0833273e-06
 4.6241950e-04 5.7227903e-06 8.7257940e-05 9.9845576e-01 9.5326777e-06]
image10_tv_resnet101_[4.2654935e-07 9.9999511e-01 2.1486674e-07 3.3401054e-07 1.5608740e-07
 2.1678586e-07 4.2814467e-08 4.7720551e-08 3.3156189e-06 1.5526135e-07]
image11_tv_resnet101_[2.3625157e-07 3.0977094e-07 1.0819162e-05 1.1985820e-05 3.1570043e-08
 9.9112668e-08 1.0916132e-06 9.9993885e-01 3.5325207e-05 1.1217840e-06]
image12_tv_resnet101_[4.0079512e-06 1.9785150e-06 9.9993658e-01 1.5780388e-06 9.6137273e-07
 1.0762721e-05 1.8626691e-06 1.2812393e-06 3.7294230e-05 3.5594696e-06]
image13_tv_resnet101_[4.4462308e-08 3.4209371e-08 1.5727565e-07 2.7369362e-07 1.6898598e-08
 3.3784712e-08 1.1411556e-07 9.9999917e-01 5.7712128e-09 1.9171345e-07]
image14_tv_resnet101_[1.7848361e-06 1.3564894e-06 4.5941288e-06 2.2453515e-09 2.1417848e-06
 8.8151310e-06 1.4008043e-06 6.2164553e-08 3.5007790e-05 9.9994481e-01]
image15_tv_resnet101_[5.3263087e-05 5.2203779e-04 9.7770557e-05 8.0159312e-05 4.2207405e-04
 9.9840885e-01 2.3856644e-05 7.5795659e-05 2.3389452e-04 8.2331928e-05]
image16_tv_resnet101_[2.0987950e-06 1.4937521e-07 3.4439060e-10 1.4493234e-07 3.2266321e-08
 1.5622889e-07 2.0863691e-07 9.9999714e-01 2.8918845e-10 3.9959094e-09]
image17_tv_resnet101_[6.8126656e-06 2.0085993e-04 3.1015636e-05 6.4174174e-06 3.1483021e-06
 1.2199483e-03 5.6785780e-07 1.2388697e-06 9.9851197e-01 1.8170609e-05]
image18_tv_resnet101_[5.8404286e-08 5.0168292e-06 1.5254076e-06 2.3202706e-06 9.7333941e-06
 9.9996912e-01 3.8120317e-07 1.0860571e-05 7.6226348e-07 8.7818151e-08]
image19_tv_resnet101_[1.6778894e-04 3.0080363e-04 1.0410922e-04 5.0637507e-05 9.7332990e-01
 9.7930699e-04 7.0976079e-05 1.7867251e-03 2.0942636e-02 2.2671791e-03]
image20_tv_resnet101_[8.7672324e-06 9.9998462e-01 1.4381665e-07 3.2628486e-06 1.4859982e-07
 3.0102990e-07 2.2497332e-08 5.6004698e-08 2.4207252e-06 1.9134096e-07]
image21_tv_resnet101_[1.97302157e-07 5.43673923e-06 9.99812663e-01 4.81983370e-05
 2.17490992e-06 6.36252662e-05 1.53793806e-07 1.22286265e-05
 5.13608611e-05 4.04526509e-06]
image22_tv_resnet101_[5.5733921e-07 1.8160817e-07 9.9998224e-01 9.5954249e-07 1.6557166e-07
 8.0792288e-06 2.1637041e-07 1.9228899e-07 5.5812457e-06 1.8279817e-06]
image23_tv_resnet101_[1.07552500e-08 1.75532122e-09 1.19249860e-10 1.00000000e+00
 7.26609675e-11 4.41891785e-08 7.38925809e-10 2.27402416e-10
 4.38605818e-09 1.10764314e-10]
image24_tv_resnet101_[1.1924270e-07 3.3938957e-06 9.9996889e-01 7.3917812e-07 2.9196054e-08
 9.0479756e-07 1.2407629e-07 1.3217007e-06 2.3959663e-05 5.4289171e-07]
image25_tv_resnet101_[9.6468851e-09 8.8530747e-08 9.9999988e-01 1.4108981e-08 6.9142253e-10
 5.2676281e-09 3.2187117e-08 2.0026332e-09 8.5503835e-09 3.0663056e-08]
image26_tv_resnet101_[1.2261827e-05 3.9876581e-05 4.0671243e-06 1.1722179e-06 1.6033815e-04
 7.0514048e-05 1.9660810e-07 3.3594508e-05 9.9897194e-01 7.0607953e-04]
image27_tv_resnet101_[7.3767914e-08 3.1672934e-07 4.4512508e-06 7.2072903e-06 9.9991453e-01
 2.0790910e-06 4.2318567e-07 6.3407009e-05 1.6474719e-06 5.8799678e-06]
image28_tv_resnet101_[3.1936092e-09 6.7625965e-06 9.9999106e-01 7.5337857e-07 1.0823723e-08
 5.0521157e-07 4.1356367e-09 8.1283019e-07 7.4914034e-08 1.6457244e-08]
image29_tv_resnet101_[3.6962156e-06 4.5481080e-05 5.3568860e-05 9.9952388e-01 1.5650801e-05
 1.8897824e-04 3.6595382e-06 1.9739817e-05 1.3210284e-04 1.3297314e-05]
image30_tv_resnet101_[8.2735520e-11 1.0000000e+00 1.2162256e-09 6.9871373e-11 6.1477837e-11
 1.5902332e-11 3.0182012e-13 9.2882646e-12 3.3296706e-11 7.0678949e-11]
image31_tv_resnet101_[4.7497628e-10 6.3866330e-09 1.0000000e+00 2.1088051e-09 1.5436789e-10
 6.5716690e-09 1.7915881e-09 1.0167239e-09 1.8205036e-08 3.2573348e-09]
image0_vit_base_patch16_224_[3.0371626e-15 2.2088506e-16 2.1599537e-14 1.2560152e-10 1.6523653e-13
 6.0509349e-15 1.0000000e+00 1.3821871e-12 3.5563064e-15 3.5656051e-11]
image1_vit_base_patch16_224_[9.9999988e-01 3.3160277e-13 1.6035408e-14 7.9115635e-14 5.7788437e-15
 4.4133243e-12 4.3625661e-15 7.2683406e-15 3.4666299e-15 9.9359667e-08]
image2_vit_base_patch16_224_[1.0506080e-09 2.3930199e-05 7.8139817e-10 1.9700710e-05 3.7972079e-09
 9.9995434e-01 2.4351925e-12 7.6899476e-10 1.7330549e-06 2.3422628e-07]
image3_vit_base_patch16_224_[3.8332547e-14 5.6031053e-13 4.4036042e-12 6.4662444e-09 2.3585209e-14
 4.5507771e-13 2.7018044e-14 1.0000000e+00 2.2005973e-11 4.7775467e-14]
image4_vit_base_patch16_224_[1.0161731e-09 9.9213512e-11 2.3662585e-09 9.9999988e-01 1.7348853e-15
 5.0086502e-10 2.5098529e-13 5.9860379e-09 1.1198616e-07 1.9597590e-10]
image5_vit_base_patch16_224_[8.0631018e-17 3.9399877e-15 1.0000000e+00 1.5063512e-16 2.9411358e-16
 3.8552551e-16 3.7557478e-16 9.7097207e-17 2.2281028e-09 1.7644316e-16]
image6_vit_base_patch16_224_[1.6362022e-12 8.9550907e-16 3.0750690e-11 6.6520350e-10 2.5549490e-11
 6.4559130e-14 1.0000000e+00 2.2079939e-10 2.2363764e-12 8.7194529e-10]
image7_vit_base_patch16_224_[6.9281186e-16 5.6272229e-21 6.4467265e-20 7.7898902e-21 4.5555566e-19
 3.5861216e-18 1.8557782e-17 5.3924500e-18 2.1983144e-19 1.0000000e+00]
image8_vit_base_patch16_224_[9.9932253e-01 3.0544854e-07 1.9982997e-07 6.7169050e-04 3.9829924e-08
 1.7672981e-07 3.5317709e-09 7.7613429e-08 4.4135882e-06 5.5684347e-07]
image9_vit_base_patch16_224_[3.5184019e-06 1.8251220e-07 6.3932371e-06 2.4997578e-06 5.4288383e-05
 1.0209821e-08 9.9993145e-01 8.6946477e-09 1.1682317e-07 1.4755493e-06]
image10_vit_base_patch16_224_[1.3355670e-09 2.6261918e-07 5.9203142e-11 2.4105751e-05 5.4152480e-08
 1.9454778e-06 8.7790455e-11 6.0622580e-04 9.9936169e-01 5.7667503e-06]
image11_vit_base_patch16_224_[1.7226242e-12 6.1860278e-12 9.0703240e-09 5.4666728e-01 7.5120743e-14
 2.3087034e-12 1.0897317e-14 2.0379335e-11 4.5333278e-01 3.9074139e-12]
image12_vit_base_patch16_224_[1.4574913e-15 1.0405740e-14 3.6109272e-14 8.4384980e-16 2.9971189e-17
 1.5508348e-11 6.2692515e-19 2.6810529e-08 1.0000000e+00 4.3870968e-16]
image13_vit_base_patch16_224_[1.73136186e-10 1.38780465e-09 9.99999404e-01 3.02498434e-12
 5.59554356e-12 2.27503780e-10 5.70459235e-07 5.05227696e-13
 2.00190919e-10 1.31270324e-11]
image14_vit_base_patch16_224_[3.8276413e-12 3.3561428e-12 1.7325937e-12 8.9157579e-12 6.1248812e-07
 3.3631809e-11 9.9999833e-01 9.6928591e-07 5.0185230e-13 1.5288958e-07]
image15_vit_base_patch16_224_[3.2921645e-11 5.6253313e-10 1.2449664e-07 1.4138239e-07 5.7473702e-08
 9.9999964e-01 2.4754472e-08 6.6010255e-09 7.7248978e-11 2.8094140e-11]
image16_vit_base_patch16_224_[9.3871591e-07 9.9998641e-01 1.3362133e-07 7.5092939e-06 1.9471541e-10
 7.3093537e-07 5.8816578e-08 6.1822975e-10 5.1456783e-10 4.3271375e-06]
image17_vit_base_patch16_224_[1.1963095e-12 2.6718799e-03 3.7895635e-08 2.3187706e-10 7.6707457e-10
 2.8032465e-10 5.7381244e-14 1.7161096e-09 9.9732816e-01 5.3156839e-13]
image18_vit_base_patch16_224_[4.1668844e-08 6.6996745e-07 4.4629744e-09 2.5049339e-06 8.3903432e-01
 7.4632035e-06 2.7747697e-04 1.3089127e-07 1.2205022e-06 1.6067617e-01]
image19_vit_base_patch16_224_[3.8690083e-14 7.6529400e-16 1.2174625e-15 4.3564736e-16 5.3573252e-17
 1.5608589e-13 8.2068016e-17 2.8676150e-12 2.7137542e-02 9.7286248e-01]
image20_vit_base_patch16_224_[5.4172782e-09 6.7194698e-13 5.8715877e-10 7.4845042e-07 1.2670696e-09
 1.4441322e-10 1.6133653e-07 9.9999809e-01 1.3213908e-07 8.8423718e-07]
image21_vit_base_patch16_224_[1.3743248e-09 1.2081873e-09 4.4378478e-07 2.2519278e-09 1.3725383e-09
 5.3001298e-07 1.5599032e-13 2.2446169e-01 7.7553725e-01 2.0448899e-08]
image22_vit_base_patch16_224_[2.81328211e-13 7.64494127e-14 6.94320917e-01 3.05679113e-01
 1.29640595e-14 2.06914932e-12 1.08282837e-14 6.08906953e-11
 3.75352305e-10 2.01497110e-15]
image23_vit_base_patch16_224_[2.71904163e-13 1.00000000e+00 3.19335877e-12 4.68682601e-12
 1.73428099e-14 3.04510965e-11 1.09530245e-14 2.83722969e-14
 5.43124200e-14 2.66971365e-16]
image24_vit_base_patch16_224_[4.03357514e-10 1.32472264e-08 9.99999166e-01 4.80460017e-07
 4.28551014e-11 1.03776682e-10 1.09263254e-07 2.63028170e-07
 4.12789980e-09 1.19883659e-08]
image25_vit_base_patch16_224_[6.2999955e-16 4.4007097e-15 4.1644574e-15 2.1406638e-15 1.5233279e-17
 1.4643850e-15 8.7055769e-14 1.0000000e+00 2.8164161e-15 1.4996590e-14]
image26_vit_base_patch16_224_[1.8352278e-18 4.2455495e-19 1.1814096e-18 2.7478450e-18 1.4324378e-17
 3.4203469e-19 1.3885307e-17 1.0000000e+00 5.5372219e-18 2.5209309e-17]
image27_vit_base_patch16_224_[3.2894349e-15 3.1512495e-14 5.9969629e-13 4.6113384e-16 4.4651663e-13
 2.1478698e-08 2.7295833e-14 7.7172790e-13 3.8313984e-14 1.0000000e+00]
image28_vit_base_patch16_224_[6.8914278e-16 1.9768764e-16 3.0851266e-11 3.2673727e-16 2.1612002e-16
 2.8752056e-14 1.2347915e-17 1.0000000e+00 3.4374004e-13 9.7898745e-16]
image29_vit_base_patch16_224_[5.5040978e-17 1.0000000e+00 3.4647647e-16 6.3256217e-15 7.5010300e-17
 4.0628230e-08 1.0516381e-17 8.6699361e-17 3.3019648e-14 5.5960026e-17]
image30_vit_base_patch16_224_[2.2012893e-15 9.9999976e-01 6.9628396e-12 4.7814157e-12 1.9206367e-14
 1.9136193e-07 1.1203873e-14 3.3391964e-15 4.8557047e-11 4.0424207e-13]
image31_vit_base_patch16_224_[2.22489403e-15 2.44066659e-11 1.00000000e+00 3.73921553e-12
 1.50085359e-12 1.13543852e-13 1.32472176e-11 4.59334990e-13
 1.42825571e-13 1.39060262e-14]